"ID","K1","K2","K3","K4","K5","Assigned_cluster","sample","condition","Taxa","ID.y","group","era","Q","origin","meta"
"78551S",0.027054,1e-05,0.887126,0.0858,1e-05,3,"78551S_cold","cold","78551S","78551S","NSS","II","NSS","US","NSS_II_US"
"A239",0.065139,0.110248,0.803205,1e-05,0.021399,3,"A239_cold","cold","A239","A239","Broad origin-public","I","NSS","US","NSS_I_US"
"A659",0.007347,0.095981,0.896652,1e-05,1e-05,3,"A659_chilling","chilling","A659","A659","Broad origin-public","I","NSS","US","NSS_I_US"
"A661",0.136831,0.205246,0.578414,0.047328,0.032181,3,"A661_chilling","chilling","A661","A661","Broad origin-public","I","Mix",NA,"Mix_I_NA"
"B105",0.088195,0.252769,0.629372,1e-05,0.029655,3,"B105_chilling","chilling","B105","B105","SS","I","Mix",NA,"Mix_I_NA"
"B37",0.127016,0.247927,0.625038,1e-05,1e-05,3,"B37_chilling","chilling","B37","B37","SS","I","SS","US","SS_I_US"
"B46",0.01577,0.239178,0.733766,1e-05,0.011275,3,"B46_chilling","chilling","B46","B46","SS","I","NSS","US","NSS_I_US"
"B57",0.016851,0.072857,0.827016,0.021856,0.06142,3,"B57_chilling","chilling","B57","B57","Broad origin-public","I","NSS","US","NSS_I_US"
"B75",0.052415,0.147091,0.77501,1e-05,0.025474,3,"B75_chilling","chilling","B75","B75","Mixed","I","NSS","US","NSS_I_US"
"B79",0.049832,0.1698,0.780348,1e-05,1e-05,3,"B79_chilling","chilling","B79","B79","Mixed","I","NSS","US","NSS_I_US"
"B95",1e-05,0.166752,0.616182,0.111134,0.105922,3,"B95_chilling","chilling","B95","B95","Huangzaosi",NA,"NSS","US","NSS_NA_US"
"B97",0.03605,0.124408,0.774011,0.012681,0.052849,3,"B97_cold","cold","B97","B97","NSS","I","NSS","US","NSS_I_US"
"CH701-30",0.012458,0.111649,0.781411,0.054444,0.040038,3,"CH701_30_chilling","chilling","CH701_30","CH70130","Broad origin-public","I","NSS","US","NSS_I_US"
"CM7",0.055414,0.089126,0.600533,0.153178,0.10175,3,"CM7_chilling","chilling","CM7","CM7","SS","I","NSS","US","NSS_I_US"
"CML_108",1e-05,0.066464,0.754273,0.035167,0.144086,3,"CML108_chilling","chilling","CML108","CML108","Tropical","I","Tropical","Mexico","Tropical"
"CML_220",1e-05,0.053058,0.796265,1e-05,0.150657,3,"CML220_chilling","chilling","CML220","CML220","Tropical","I","Tropical","Mexico","Tropical"
"CML_228",0.018368,0.019539,0.816105,1e-05,0.145978,3,"CML228_chilling","chilling","CML228","CML228","Tropical","I","Tropical","Mexico","Tropical"
"CML_247",1e-05,1e-05,0.851419,1e-05,0.148551,3,"CML247_chilling","chilling","CML247","CML247","Tropical",NA,"Tropical","Mexico","Tropical"
"CML_254",1e-05,0.024522,0.821646,1e-05,0.153812,3,"CML254_chilling","chilling","CML254","CML254","Tropical",NA,"Tropical","Mexico","Tropical"
"CML_264",1e-05,0.021841,0.811441,0.00203,0.164679,3,"CML264_chilling","chilling","CML264","CML264","Tropical",NA,"Tropical","Mexico","Tropical"
"CML_277",1e-05,0.023835,0.81442,0.004213,0.157523,3,"CML277_chilling","chilling","CML277","CML277","Tropical",NA,"Tropical","Mexico","Tropical"
"CML_287",1e-05,0.029333,0.816571,0.001742,0.152345,3,"CML287_chilling","chilling","CML287","CML287","Tropical",NA,"Tropical","Mexico","Tropical"
"CML_322",1e-05,0.105862,0.755577,0.001862,0.13669,3,"CML322_chilling","chilling","CML322","CML322","Tropical","I","Tropical","Mexico","Tropical"
"CML_52",1e-05,0.019945,0.776575,0.009636,0.193835,3,"CML52_chilling","chilling","CML52","CML52","Tropical",NA,"Tropical","Mexico","Tropical"
"CML_91",0.011907,0.045516,0.786383,0.024461,0.131733,3,"CML91_cold","cold","CML91","CML91","Tropical","I","Tropical","Mexico","Tropical"
"CML10",1e-05,0.03483,0.824702,1e-05,0.140448,3,"CML10_chilling","chilling","CML10","CML10","Tropical",NA,"Tropical","Mexico","Tropical"
"CML11",1e-05,0.043232,0.820757,1e-05,0.13599,3,"CML11_chilling","chilling","CML11","CML11","Tropical",NA,"Tropical","Mexico","Tropical"
"CML14",1e-05,1e-05,0.838181,1e-05,0.161789,3,"CML14_chilling","chilling","CML14","CML14","Tropical",NA,"Tropical","Mexico","Tropical"
"CML157Q",1e-05,0.031976,0.778699,0.015872,0.173443,3,"CML157Q_chilling","chilling","CML157Q","CML157Q","Tropical",NA,"Tropical","Mexico","Tropical"
"CML158Q",1e-05,1e-05,0.846152,1e-05,0.153818,3,"CML158Q_chilling","chilling","CML158Q","CML158Q","Tropical",NA,"Tropical","Mexico","Tropical"
"CML238",0.017132,0.060073,0.771131,0.015304,0.13636,3,"CML238_chilling","chilling","CML238","CML238","Tropical",NA,"Tropical","Mexico","Tropical"
"CML261",1e-05,0.127645,0.746797,1e-05,0.125538,3,"CML261_chilling","chilling","CML261","CML261","Tropical",NA,"Tropical","Mexico","Tropical"
"CML281",1e-05,1e-05,0.848819,1e-05,0.151151,3,"CML281_chilling","chilling","CML281","CML281","Tropical",NA,"Tropical","Mexico","Tropical"
"CML311",1e-05,1e-05,0.811534,0.014973,0.173473,3,"CML311_chilling","chilling","CML311","CML311","Tropical",NA,"Tropical","Mexico","Tropical"
"CML314",1e-05,1e-05,0.853349,0.001732,0.144899,3,"CML314_chilling","chilling","CML314","CML314","Tropical",NA,"Tropical","Mexico","Tropical"
"CML321",0.001316,0.073079,0.732566,0.022528,0.170511,3,"CML321_chilling","chilling","CML321","CML321","Tropical",NA,"Tropical","Mexico","Tropical"
"CML328",1e-05,0.040532,0.750304,0.027369,0.181786,3,"CML328_chilling","chilling","CML328","CML328","Mixed",NA,"Tropical","Mexico","Tropical"
"CML331",1e-05,1e-05,0.824784,1e-05,0.175186,3,"CML331_chilling","chilling","CML331","CML331","Tropical",NA,"Tropical","Mexico","Tropical"
"CML332",1e-05,0.085836,0.779565,1e-05,0.134579,3,"CML332_chilling","chilling","CML332","CML332","Tropical",NA,"Tropical","Mexico","Tropical"
"CML333",1e-05,0.102774,0.75254,1e-05,0.144666,3,"CML333_cold","cold","CML333","CML333","Tropical",NA,"Tropical","Mexico","Tropical"
"CML38",1e-05,0.025269,0.804531,1e-05,0.17018,3,"CML38_cold","cold","CML38","CML38","Tropical",NA,"Tropical","Mexico","Tropical"
"CML45",1e-05,0.016362,0.797504,0.008103,0.178021,3,"CML45_cold","cold","CML45","CML45","Tropical",NA,"Tropical","Mexico","Tropical"
"CML69",1e-05,0.03331,0.810587,1e-05,0.156084,3,"CML69_chilling","chilling","CML69","CML69","Tropical",NA,"Tropical","Mexico","Tropical"
"CML92",1e-05,0.165436,0.69424,0.008954,0.131359,3,"CML92_chilling","chilling","CML92","CML92","Mixed",NA,"Tropical","Mexico","Tropical"
"CMV3",0.063572,0.225302,0.608579,0.073575,0.028972,3,"CMV3_chilling","chilling","CMV3","CMV3","NSS",NA,"NSS","US","NSS_NA_US"
"CO106",0.134667,0.0985,0.629074,0.064692,0.073067,3,"CO106_chilling","chilling","CO106","CO106","Broad origin-public","I","NSS","US","NSS_I_US"
"E8501",1e-05,0.013843,0.871235,0.097657,0.017255,3,"E8501_cold","cold","E8501","E8501","NSS","II","NSS","US","NSS_II_US"
"F2834T",0.019265,0.038222,0.775155,0.000334,0.167024,3,"F2834T_control","control","F2834T","F2834T","Tropical","","Tropical","Mexico","Tropical"
"GA209",0.07499,0.129769,0.637908,0.066111,0.091221,3,"GA209_chilling","chilling","GA209","GA209","NSS",NA,"Mix",NA,"Mix_NA_NA"
"GT112",0.048888,0.127748,0.715122,0.060207,0.048035,3,"GT112_chilling","chilling","GT112","GT112","NSS",NA,"Mix",NA,"Mix_NA_NA"
"H114",0.075992,0.322212,0.601776,1e-05,1e-05,3,"H114_chilling","chilling","H114","H114","SS","I","SS","US","SS_I_US"
"H49",0.053765,0.182138,0.741658,0.022429,1e-05,3,"H49_chilling","chilling","H49","H49","NSS","I","NSS","US","NSS_I_US"
"H84",0.084493,0.202793,0.712694,1e-05,1e-05,3,"H84_chilling","chilling","H84","H84","SS","I","SS","US","SS_I_US"
"H95",1e-05,1e-05,0.99996,1e-05,1e-05,3,"H95_chilling","chilling","H95","H95","NSS","I","NSS","US","NSS_I_US"
"I29",0.00397,0.091672,0.491941,0.12882,0.283597,3,"I29_chilling","chilling","I29","I29","Popcorn","","Mix",NA,"Mix__NA"
"K4",0.066314,0.145559,0.705872,0.051076,0.031179,3,"K4_cold","cold","K4","K4","Broad origin-public","I","NSS","US","NSS_I_US"
"Ki11",1e-05,0.069625,0.779409,0.004292,0.146664,3,"Ki11_chilling","chilling","Ki11","Ki11","Tropical",NA,"Tropical","Mexico","Tropical"
"Ki14",0.020952,0.085099,0.742041,0.010865,0.141043,3,"Ki14_cold","cold","Ki14","Ki14","Tropical",NA,"Tropical","Mexico","Tropical"
"Ki43",1e-05,0.014661,0.809974,0.026358,0.148997,3,"Ki43_cold","cold","Ki43","Ki43","Tropical",NA,"Tropical","Mexico","Tropical"
"Ki44",1e-05,0.059692,0.772696,0.027755,0.139847,3,"Ki44_chilling","chilling","Ki44","Ki44","Tropical",NA,"Tropical","Mexico","Tropical"
"Ky21",0.082277,0.203574,0.592589,0.052521,0.06904,3,"Ky21_chilling","chilling","Ky21","Ky21","NSS","I","Mix",NA,"Mix_I_NA"
"Ky226",0.027532,0.230442,0.598948,0.057081,0.085998,3,"Ky226_cold","cold","Ky226","Ky226","Mixed","I","Mix",NA,"Mix_I_NA"
"LH1",0.233325,0.143867,0.622788,1e-05,1e-05,3,"LH1_chilling","chilling","LH1","LH1","SS","II","SS","US","SS_II_US"
"LH123HT",0.132741,0.063235,0.711869,0.092145,1e-05,3,"LH123HT_control","control","LH123HT","LH123HT","NSS","II","NSS","US","NSS_II_US"
"LH38",1.5e-05,1e-05,0.999955,1e-05,1e-05,3,"LH38_chilling","chilling","LH38","LH38","NSS","II","NSS","US","NSS_II_US"
"LH57",1e-05,1e-05,0.802956,0.197014,1e-05,3,"LH57_chilling","chilling","LH57","LH57","NSS","II","NSS","US","NSS_II_US"
"MBPM",0.013544,0.030624,0.923799,0.019942,0.012091,3,"MBPM_chilling","chilling","MBPM","MBPM","NSS","II","NSS","US","NSS_II_US"
"ML606",1e-05,1e-05,0.99996,1e-05,1e-05,3,"ML606_chilling","chilling","ML606","ML606","NSS",NA,"NSS","US","NSS_NA_US"
"Mo1W",0.045751,0.025336,0.886346,1e-05,0.042557,3,"MO1W_chilling","chilling","MO1W","Mo1W","NSS","I","NSS","US","NSS_I_US"
"Mo24W",0.077903,0.169126,0.648466,0.064016,0.040489,3,"Mo24W_chilling","chilling","Mo24W","Mo24W","Broad origin-public","I","Mix",NA,"Mix_I_NA"
"Mp339",0.046146,0.137664,0.683575,0.058439,0.074176,3,"Mp339_chilling","chilling","Mp339","Mp339","Mixed","","Mix",NA,"Mix__NA"
"N28Ht",0.020514,0.258824,0.693785,1e-05,0.026868,3,"N28Ht_chilling","chilling","N28Ht","N28Ht","SS","I","Mix",NA,"Mix_I_NA"
"N6",0.073079,0.067066,0.723869,0.035308,0.100677,3,"N6_chilling","chilling","N6","N6","NSS","I","NSS","US","NSS_I_US"
"NC222",0.03173,0.095651,0.709984,0.096848,0.065787,3,"NC222_chilling","chilling","NC222","NC222","Landrace",NA,"NSS","US","NSS_NA_US"
"NC230",0.035477,0.10879,0.672787,0.104891,0.078055,3,"NC230_chilling","chilling","NC230","NC230","Mixed","I","NSS","US","NSS_I_US"
"NC250",0.036789,0.154549,0.763983,1e-05,0.044669,3,"NC250_chilling","chilling","NC250","NC250","SS","I","SS","US","SS_I_US"
"NC260",0.0558,0.103582,0.717169,0.098903,0.024546,3,"NC260_control","control","NC260","NC260","Broad origin-public","I","NSS","US","NSS_I_US"
"NC264",0.025509,0.04288,0.718242,0.083487,0.129882,3,"NC264_chilling","chilling","NC264","NC264","Tropical","I","Tropical","Mexico","Tropical"
"NC290A",1e-05,1e-05,0.844397,0.109397,0.046186,3,"NC290A_chilling","chilling","NC290A","NC290A","Popcorn","I","Mix",NA,"Mix_I_NA"
"NC296",1e-05,1e-05,0.889361,1e-05,0.110609,3,"NC296_chilling","chilling","NC296","NC296","Tropical",NA,"Tropical","Mexico","Tropical"
"NC33",0.079686,0.056817,0.737259,0.0549,0.071339,3,"NC33_chilling","chilling","NC33","NC33","NSS",NA,"Mix",NA,"Mix_NA_NA"
"NC336",1e-05,1e-05,0.874513,1e-05,0.125457,3,"NC336_cold","cold","NC336","NC336","Tropical",NA,"Tropical","Mexico","Tropical"
"NC338",1e-05,1e-05,0.869029,1e-05,0.130941,3,"NC338_control","control","NC338","NC338","Tropical","I","Tropical","Mexico","Tropical"
"NC340",1e-05,1e-05,0.838126,0.000864,0.16099,3,"NC340_chilling","chilling","NC340","NC340","Tropical","I","Tropical","Mexico","Tropical"
"NC342",1e-05,0.009869,0.841846,0.140466,0.007809,3,"NC342_chilling","chilling","NC342","NC342","Mixed","I","NSS","US","NSS_I_US"
"NC350",1e-05,0.039075,0.830849,1e-05,0.130056,3,"NC350_chilling","chilling","NC350","NC350","Tropical","I","Tropical","Mexico","Tropical"
"NC360",0.021812,0.026807,0.777381,0.109027,0.064972,3,"NC360_chilling","chilling","NC360","NC360","Mixed",NA,"Tropical","Mexico","Tropical"
"NC362",0.005801,1e-05,0.79688,0.121444,0.075865,3,"NC362_chilling","chilling","NC362","NC362","Popcorn","I","Tropical","Mexico","Tropical"
"NC366",0.008244,0.092589,0.781272,0.045579,0.072316,3,"NC366_chilling","chilling","NC366","NC366","Mixed",NA,"Tropical","Mexico","Tropical"
"NS501",0.191539,0.143315,0.53957,0.00033,0.125246,3,"NS501_chilling","chilling","NS501","NS501","IDT","II","Mix",NA,"Mix_II_NA"
"Oh40B",1e-05,1e-05,0.927497,0.054215,0.018268,3,"Oh40B_chilling","chilling","Oh40B","Oh40B","NSS","I","NSS","US","NSS_I_US"
"Oh43",0.024705,1e-05,0.975265,1e-05,1e-05,3,"Oh43_chilling","chilling","Oh43","Oh43","NSS","I","NSS","US","NSS_I_US"
"Oh43E",0.068982,1e-05,0.930988,1e-05,1e-05,3,"Oh43E_chilling","chilling","Oh43E","Oh43E","NSS","I","NSS","US","NSS_I_US"
"Oh7",0.05132,0.177039,0.751445,1e-05,0.020186,3,"OH7_chilling","chilling","OH7","Oh7","Mixed","I","NSS","US","NSS_I_US"
"Oh7B",0.082868,0.232809,0.662648,0.021665,1e-05,3,"Oh7B_chilling","chilling","Oh7B","Oh7B","NSS","I","NSS","US","NSS_I_US"
"Pa762",1e-05,1e-05,0.999959,1.1e-05,1e-05,3,"Pa762_cold","cold","Pa762","Pa762","NSS","I","NSS","US","NSS_I_US"
"Pa875",0.051626,0.20066,0.616439,0.074783,0.056492,3,"Pa875_chilling","chilling","Pa875","Pa875","NSS",NA,"Mix",NA,"Mix_NA_NA"
"Pa880",0.013782,0.085403,0.812272,0.027799,0.060744,3,"Pa880_cold","cold","Pa880","Pa880","Mixed","I","NSS","US","NSS_I_US"
"Pa91",0.022823,0.014147,0.931718,0.029565,0.001747,3,"Pa91_chilling","chilling","Pa91","Pa91","NSS","I","NSS","US","NSS_I_US"
"PHB47",0.175755,0.191382,0.585817,0.047036,1e-05,3,"PHB47_chilling","chilling","PHB47","PHB47","SS","II","SS","US","SS_II_US"
"PHG35",0.292708,0.093607,0.613665,1e-05,1e-05,3,"PHG35_chilling","chilling","PHG35","PHG35","Mixed","II","Mix",NA,"Mix_II_NA"
"PHJ40",0.033505,0.149599,0.69751,0.119377,1e-05,3,"PHJ40_chilling","chilling","PHJ40","PHJ40","SS","II","NSS","US","NSS_II_US"
"PHWG5",0.116582,0.03347,0.814258,0.022501,0.013189,3,"PHWG5_chilling","chilling","PHWG5","PHWG5","NSS","II","NSS","US","NSS_II_US"
"S160",0.079474,0.270113,0.587541,0.021418,0.041453,3,"S160_cold","cold","S160","S160","Polskie","I","Mix","Poland","Mix_I_Poland"
"S336A",0.446572,0.028425,0.485588,0.019943,0.019473,3,"S336A_chilling","chilling","S336A","S336A","Polskie","I","Iodent","Poland","Iodent_I_Poland"
"SD44",0.181675,0.030856,0.771955,1e-05,0.015504,3,"SD44_chilling","chilling","SD44","SD44","Mixed","I","NSS","US","NSS_I_US"
"Tx303",0.041127,0.032033,0.818286,0.014863,0.093692,3,"Tx303_chilling","chilling","Tx303","Tx303","Mixed","","Tropical","Mexico","Tropical"
"Tx601",0.002745,0.04191,0.796689,0.01775,0.140905,3,"Tx601_chilling","chilling","Tx601","Tx601","Tropical",NA,"Tropical","Mexico","Tropical"
"Tzi10",1e-05,0.026681,0.793833,0.011864,0.167612,3,"Tzi10_cold","cold","Tzi10","Tzi10","Tropical",NA,"Tropical","Mexico","Tropical"
"Tzi8",1e-05,0.107711,0.717511,0.025496,0.149272,3,"Tzi8_chilling","chilling","Tzi8","Tzi8","Tropical",NA,"Tropical","Mexico","Tropical"
"Va26",0.00232,0.020153,0.977508,1e-05,1e-05,3,"Va26_control","control","Va26","Va26","NSS","I","NSS","US","NSS_I_US"
"W117",0.061698,0.216677,0.53106,0.119861,0.070705,3,"W117_chilling","chilling","W117","W117","NSS",NA,"NSS","US","NSS_NA_US"
"W22",0.022271,0.11619,0.861519,1e-05,1e-05,3,"W22_chilling","chilling","W22","W22","NSS","I","NSS","US","NSS_I_US"
"W64A",0.079737,0.052607,0.85818,0.009466,1e-05,3,"W64A_chilling","chilling","W64A","W64A","NSS","I","NSS","US","NSS_I_US"
"WIL901",1e-05,1e-05,0.742914,0.224388,0.032678,3,"WIL901_chilling","chilling","WIL901","WIL901","NSS","II","NSS","US","NSS_II_US"
